-3,1,-3,1,1

1111111111111111111111111111111111111111111111111111111111111111111111111111111111111111111111111111
1000000000000000000000000000010000000000010000000000000000000000000100000000001000000000000011000000
1000000000000000000000000000000000000000010010000000000000000100000000000000000000000000000100000000
1000000000000000000000000000001000000000000000100000000000000000001000000000000000000000000000000000
1000000000000000000000000000000000100000000000000000000000000000000000000000000000000000000100000000
1000000000000010000000000000000000000001000000000000000000000100000000000000000000000000000000000000
1000000000000000000000000000000000001000010000000000000000010000000000000001000000010000000000000000
1100000000000000000100000000000000000000000000000000000000000000100000000000000000000000000000000000
1000000000000000000000000001000000000000000000000000000000000000000000000000000000000000000000000001
1000000000010000010000000000000000000000000000000000000000000000000000000000000000000000000000000000
1000000000000000000000000000100000000000000010000000000000000000000110000000000000000000000000000010
1000000010100000000000001000000000000000000000000010000000000000000000000010000000000000000000010000
1000000000000000000000001000000000000000000000000000001000000000000000001000000000000000000000000000
1000000000000000000000000000000000000000000000000000000000000000010000000000000000000000000000000000
1000000000000000000000000000000000001000000000000000000000000000000000000000010000000010000000000000
1000000000000000000000000000000010000000000001000000000000000000000100010000001000000000000000000000
1000000000000000000000000000000000000000000000000000000000000000000000000000000000000000000000000000
1000000000000000000000000000000000000010000000000000000000000000100000000000000010000000000000000000
1000000000000000000000000000000000000000000000000000100000000000000000000000000000000000000000000000
1000000000000000000000000000000000000000000000000001000000000000100000000000000000000000000000000000
1010000000000000000000000000000000000000000000000000000000000000000001000000000000000000000000000000
1000000000000000000000000000000000000000000000000110000000000000000000000000000000000000000000000100
1000010000000000000000000000000000000000000000000000000001000000000000000000000000000000000000000001
1000000100000000000000000000000001001000000000000000000000000000000000000000000000000100000000000000
1000000000000000000000000000000000000000000000000000000000000000000000000000000000100000000000000000
1000000000010000000000000000000000000000000000000000000001100010000000000000000000000000000000001000
1000000000000000000000000000000000000000000000000000000000000000000000000000000000000000000000000000
1000010000000000000000000000000000000000000000000000000100000000000000000000000000000000000000000000
1000000000000000000000000000000000000000000000000000000010000000000000000010000000000001000000000000
1000000100010000000000000000000000000000000000000000000000000000000000000000000000000000000000100000
1000000000000000000001000000000000000100000000000000000000000000000000000000000000000000000000000000
1000000000000000000000000000000000000000000000000000000000010000000000000000000000000000000000000000
1000000000000000000000000000000000000000000010000000000000000000000000000000000000000000000000000000
1000000000000000000000000000000000000000000000000000000000000000000010000000000000000000000000000000
1000000000000000000000000000000000000000000000000010000000000000000000000000000000000000000001000100
1000010000000000000000000000010000000000000000000000000010000000000000000000000000000000000000000000
1000000000000000000000000000000000000000001000000000000000000000000000000000000000000000000000000000
1000000000010000000000000000000000000000000000000000000000000010000000000000000000000000000000000000
1001000000000000000000000000000000000000000000000000000000000000000000100000000000000000000010000000
1000000000000110000000000000000000000000000000000000000000000000000000000000000000000000000000000000
1000100000100000000000000000000000000000100000000000000000000000000000000000000000000000000000000000
1000010000000000000000000000010000000000000000000000000000000000000000000000000000000000000000000000
1001000000000000000000000000000000000000000000000000000001100000000000000000000000000000000100000010
1000000000000000000000000000000000000000000000000000000000010000000001000000000000000010000000000000
1000000000010000000000010000100000000000000000000000000000000000000000000000000000000000000000000000
1000000000000000000000100000000000000000010000000000000000000000000000000000000000000000000000000000
1010000000000000000010000000000000000000000000000000000000001000000000000000000000000000000000000000
1010010000000000000000000000000000000000010000010000000000000000000000000000001000010000000001000000
1000010100000000000000000000000000000000000000000000001010000000000000000000000000000000001000000000
1000000000010000000000000000000000000000000000000000000000000000000010000000000000000000000000000000
1000000010000000000000000000000000010000000100000001000000000000000000000000000000000100000000000000
1000000000000000010000000000000000000000000000001000000000000000000000000000000000001000000000000000
1000000000000000000000000000010000000001000000001000000000000000000000000000000000000000000000000000
1000000000000000000000000010000000010000010000000000000000000000000000000000000000000000001000000000
1000000000000000000000000000000000001000010000000000000000000000000000000000010100000000000000000000
1000000000000000000000000000000000000001000100001010000000000000000000000000000010000000000000000000
1000000000000000000000000000000000000000000000000000000000000100000000000000000000000000000000000000
1000000000100000000000000000001000000000000000000000000000000000000000000000000000000000000000100000
1000000000000000000100000000000000000000000000000000000000000000000000000000000000000000000000000000
1000000000000000000000000001000000000000000000000000000000000000000000000000000000000000010000000000
1000000000000000000000000000000000000000000000000000000000000100000000000000000000000000000000000000
1000000000000000000000000000000000000000000000000000011000001000000001000000000000000000000000000000
1000000000000000000000000000000100000000000000000000000000000000000000000000000000000000000000000000
1000000000000000000000000000000000000000000000000000000000000000000000000000000000000000100000000000
1000000000000000000000000000001000000000000000000000000001010000000000000000000000000000000000000000
1000000000000000000000000000000000100000000000000000000000000000000000000000000000000000000100100000
1000000000000000000000000000000000000000000000000000000000000000000000000000000001000000000000010000
1000000000000000000000000000000000000000000000000000000000000000000000100000000000000000000000000000
1000000000000000000000000000000100000000000001000000000000000000000000000000000000000000000000000000
1000000000001000000000000000000000000000000000000000000100000000000000000000000000000000000000000000
1000000000000000000000000000000000000000000000000000000000000000010000000000000000000000000001000000
1000000000100000000000000000000000000000010000000000001000000000100000000000000000000101000000000000
1000000000000000000000000000000010010000000000000000000000000000000000000000000000001000000000001000
1000000000010010000000000000000000000000000000000000000000000000000000000000000000000000000000000010
1000000000000000000000000000000000000000000000010000000000000000000000000000000000000000000000000000
1000010000000000000000000000000000000000000000000000100000000000000000000000000000000000000000000000
1000000000001000000000000000000000000000000000000000000000000000001000000000000000000000010000000000
1000000000000000000000000000000000000000001000000000000000000000000000000000000000000000000000000000
1000000000000000000000000000000000000000000000000000001000000100010010000000010000000000100000000000
1000000000000000000000000000000000001000000000001000000000000000000000000000000000000000000000000000
1000000000000000000000000000000000000000000000000000000000010000000000000000000000000000000000000000
1000000000000000000001000000000000000000000000000000000000000000000000000000000000000100000000000000
1000000000000000000000000000000000000000000000000000000000000000000000000000001000000000000000000000
1000000000000000000000000000000000000000000000000000000000000000000000000100010000000010000000000000
1000000000000000000001000000000101000000000001000000010000000000000000000000000000000000000000000000
1100000000000000000000000000000000000000000000100000000001000000000000100000000000100000001000000000
1000000000000000000000000000000000000000000000000000000000000000000000000000000000000000000010000000
1000000000000001000000000000000000000000001000000100000000000000000000000000000000000000000000000000
1000000000000000000000000000000000000000000000000000000000000000000000000000000000000000010000000000
1010000000000000000000010000000000000000000000000000000000000000000010000000000001000000000000000000
1000000000000000000000000001000000000000000000000000000000000000000000000000000100000000000000000000
1000000000000000000000000000000000000000010000000000000000000000000000000000000000010000000001000000
1000000000000000000000000001000000000100000100000000010000000000000000000100000010000000011000000000
1000000010000001000000000000000000000000000000000000000000000000000000000000000000000000000000000000
1000000000000000000010000000000000000000000000000000000000000000000000000000000001000000000000100000
1000000000000000000000000100000000000000000000000000000000000000000000000000000000000000100100000000
1000000000000000000000000000000000000000000000000000000000000000000000000000000000000000000000000000
1000000000000000010000000000000000000000000100000000000000000000000000000000100000000000000000000000
1000000000000000001010000000000000100000000000000000000000000000000000000000000000000000010000000000
1100000000000000000000000000000000000000000000000000000000000000000000000000000000000000100000000000

00010001000000100
00100010000001000
01000100000010000
10000000000100000
00000000000000000
00001000000000000
00000000000000001
00001000001000010
00010000010000100
00100000100000001
01000011000000110
10000110000001100
00001100000010000
01001000000100001
10011000001001010
00110000010011000
01100001110110000
11000011000100000

10